2.4202 1.9308 1
1.5560 2.5802 1
2.0500 3.6773 1
1.7277 2.4639 1
2.1518 3.4805 1
1.6998 3.0620 1
2.2450 3.7183 1
2.3697 2.0196 1
2.8559 2.9012 1
1.9029 2.3961 1
3.4540 1.8231 1
2.4126 1.5882 1
2.6895 1.2115 1
1.4709 2.2540 1
1.7657 2.1410 1
1.8638 2.0167 1
2.5492 1.3332 1
1.8611 2.5637 1
2.3508 2.1751 1
0.9741 1.8505 1
2.0114 4.2600 1
1.8690 3.9900 1
1.1249 3.9826 1
1.8572 3.6009 1
1.5843 4.5093 1
1.5104 3.9334 1
1.4218 3.6427 1
1.7332 4.6757 1
0.9987 3.8876 1
2.4821 3.7055 1
2.8531 2.3340 1
2.5760 1.8351 1
2.4399 2.2755 1
4.2630 3.1668 1
3.8277 3.1957 1
3.1538 3.2258 1
2.3714 2.9349 1
2.5673 3.0918 1
2.9117 2.7619 1
3.3957 3.4310 1
2.3192 3.9024 1
3.2275 3.8912 1
2.5756 3.8484 1
2.8326 4.0115 1
3.2764 4.0256 1
3.5195 4.4130 1
2.4412 4.7635 1
3.6303 4.2335 1
3.3301 3.8951 1
2.9661 4.3126 1
2.5916 2.7340 1
1.9851 3.8411 1
2.9746 2.5621 1
2.6535 2.7581 1
2.5676 2.6440 1
2.7576 2.4129 1
2.6307 2.9039 1
2.0293 2.8630 1
2.4188 3.7650 1
2.4270 2.8755 1
0.9679 2.1959 1
2.3017 1.3747 1
2.1173 1.5260 1
1.3852 1.6294 1
0.7469 1.7461 1
1.2777 1.8397 1
1.4220 2.0062 1
1.6380 0.4854 1
1.3694 1.7715 1
1.7217 2.6212 1
2.9666 2.1329 1
3.9669 2.4846 1
3.6752 2.6162 1
3.4855 2.7132 1
3.5912 2.3136 1
2.7175 2.3818 1
3.4577 3.5118 1
4.3020 1.3708 1
3.5492 3.6147 1
3.5207 2.6688 1
4.5000 4.1635 1
3.1679 4.5413 1
3.7050 4.5030 1
3.8610 3.6745 1
4.2114 4.1285 1
3.1649 3.5278 1
4.2358 3.3391 1
3.3936 4.4624 1
4.0331 4.0000 1
4.3262 3.9725 1
0.9556 0.4878 1
0.7973 -0.4744 1
0.6751 1.0102 1
1.1251 0.9309 1
0.9649 0.5006 1
0.6199 0.4646 1
0.1548 -0.7431 1
0.1742 0.7906 1
1.0961 -0.5962 1
-0.3059 -0.6596 1
0.0400 2.9489 2
-0.4742 2.4340 2
0.2057 2.4264 2
0.3385 3.0039 2
0.4289 1.4382 2
-0.3456 2.2477 2
0.2247 1.8647 2
0.0503 2.3087 2
0.4130 2.8243 2
0.2681 2.9129 2
-2.5075 1.6855 2
-2.2355 1.3981 2
-1.9315 1.8730 2
-2.1459 1.2857 2
-1.8491 1.9896 2
-1.8000 1.7197 2
-2.4650 3.0889 2
-2.0884 2.5692 2
-3.0660 0.7516 2
-1.4273 2.2207 2
-1.6991 -0.5595 2
-1.1275 -0.8384 2
-0.9178 -1.3921 2
-0.6261 -1.9027 2
-1.1365 -0.0707 2
-0.2118 -1.3023 2
-1.2405 -0.9483 2
-0.8362 -0.7184 2
-0.6676 -0.9432 2
-0.9574 -1.4524 2
0.7661 -2.7347 2
0.9376 -1.9039 2
1.7395 -2.4111 2
0.5696 -2.0471 2
1.3923 -1.8319 2
1.1543 -2.4523 2
0.8831 -2.1441 2
0.4715 -1.8250 2
0.8579 -2.9179 2
0.9567 -1.4820 2
4.2122 -0.2791 2
3.4797 -0.1557 2
2.8421 -0.2850 2
3.2143 -0.5129 2
2.4820 -0.4544 2
3.9389 -0.1049 2
3.4704 -0.8494 2
3.3937 0.3038 2
2.5621 -0.0589 2
3.1600 0.3496 2
-1.8652 -1.4129 2
-1.7529 -1.9365 2
-2.7416 -2.3284 2
-2.5101 -2.7407 2
-2.2235 -1.9223 2
-1.9452 -1.5907 2
-1.4356 -2.1463 2
-2.1450 -2.2704 2
-1.3692 -2.1543 2
-1.7623 -2.5483 2
-3.2465 -3.7367 2
-3.0904 -4.1301 2
-2.9771 -3.6999 2
-3.0319 -3.7030 2
-2.6943 -5.0930 2
-2.9453 -4.6635 2
-2.0930 -4.7205 2
-2.8440 -3.7991 2
-2.0978 -3.2649 2
-3.3616 -4.1634 2
-4.5938 -2.0314 2
-4.7272 -3.0110 2
-5.5258 -2.4911 2
-4.8013 -1.6937 2
-5.3759 -2.0274 2
-4.2419 -2.5594 2
-5.0163 -2.3132 2
-4.1820 -1.8752 2
-5.2125 -2.4965 2
-4.7053 -1.5125 2
3.6796 -1.1865 2
4.9044 -0.5923 2
3.4601 -0.6006 2
4.0996 -0.9399 2
3.2395 -0.7144 2
3.6382 -0.7936 2
3.7034 -1.4935 2
4.2007 -0.6202 2
4.4711 -1.3286 2
4.1502 -1.3020 2
3.0885 -0.3084 2
2.8462 0.1374 2
2.9341 0.3006 2
3.2977 0.0462 2
3.5234 0.8649 2
2.9010 -0.3043 2
3.1638 -0.3685 2
2.8808 -0.8749 2
3.1148 0.4552 2
3.2200 0.4335 2
